0 0.10546875 0.0087890625 0.12109375 0.017578125
0 0.9873046875 0.078125 0.025390625 0.125
0 0.8759765625 0.109375 0.111328125 0.1328125
0 0.7451171875 0.1376953125 0.107421875 0.134765625
0 0.6357421875 0.1943359375 0.119140625 0.130859375
0 0.3193359375 0.1884765625 0.080078125 0.146484375
0 0.2119140625 0.1767578125 0.080078125 0.119140625
0 0.107421875 0.1611328125 0.08984375 0.111328125
0 0.05859375 0.482421875 0.1171875 0.09375
0 0.251953125 0.501953125 0.125 0.08203125
0 0.21484375 0.638671875 0.11328125 0.08984375
