0 0.8037109375 0.462890625 0.076171875 0.12109375
0 0.384765625 0.4951171875 0.08984375 0.119140625
0 0.10546875 0.6767578125 0.12109375 0.083984375
0 0.94140625 0.6103515625 0.1171875 0.111328125
0 0.9873046875 0.779296875 0.025390625 0.125
0 0.8759765625 0.810546875 0.111328125 0.1328125
0 0.7451171875 0.8388671875 0.107421875 0.134765625
0 0.6357421875 0.8955078125 0.119140625 0.130859375
0 0.3193359375 0.8896484375 0.080078125 0.146484375
0 0.2119140625 0.8779296875 0.080078125 0.119140625
0 0.107421875 0.8623046875 0.08984375 0.111328125
