0 0.6083984375 0.193359375 0.353515625 0.3046875
0 0.978515625 0.455078125 0.04296875 0.33203125
0 0.0732421875 0.2509765625 0.146484375 0.220703125
0 0.341796875 0.7568359375 0.20703125 0.208984375
0 0.0185546875 0.908203125 0.037109375 0.18359375
0 0.6005859375 0.1884765625 0.326171875 0.306640625
0 0.072265625 0.2509765625 0.14453125 0.208984375
0 0.0185546875 0.9091796875 0.037109375 0.181640625
0 0.33984375 0.7548828125 0.1875 0.212890625
0 0.9775390625 0.4658203125 0.044921875 0.330078125
