0 0.8095703125 0.01171875 0.107421875 0.0234375
0 0.75390625 0.078125 0.140625 0.09375
0 0.685546875 0.1708984375 0.11328125 0.115234375
0 0.4873046875 0.2783203125 0.111328125 0.181640625
0 0.3232421875 0.3984375 0.166015625 0.1171875
0 0.6611328125 0.4619140625 0.134765625 0.099609375
0 0.677734375 0.5625 0.14453125 0.09765625
0 0.7314453125 0.76953125 0.126953125 0.09765625
0 0.76953125 0.873046875 0.14453125 0.10546875
0 0.0390625 0.9404296875 0.07421875 0.119140625
0 0.349609375 0.9755859375 0.12890625 0.048828125
