0 0.0458984375 0.3291015625 0.091796875 0.138671875
0 0.7998046875 0.46875 0.095703125 0.1328125
0 0.68359375 0.4794921875 0.109375 0.162109375
0 0.5400390625 0.4970703125 0.111328125 0.162109375
0 0.3916015625 0.4912109375 0.111328125 0.154296875
0 0.95703125 0.830078125 0.0859375 0.171875
0 0.751953125 0.875 0.109375 0.15625
0 0.6376953125 0.916015625 0.115234375 0.1640625
0 0.419921875 0.9853515625 0.09375 0.029296875
0 0.3203125 0.892578125 0.09765625 0.13671875
0 0.2158203125 0.896484375 0.091796875 0.1328125
0 0.1015625 0.89453125 0.09765625 0.12109375
