0 0.0068359375 0.51171875 0.013671875 0.10546875
0 0.0 0.6064453125 0.0 0.076171875
0 0.1103515625 0.5751953125 0.103515625 0.115234375
0 0.2294921875 0.6591796875 0.103515625 0.115234375
0 0.169921875 0.7734375 0.1015625 0.109375
0 0.357421875 0.72265625 0.08984375 0.09765625
0 0.4345703125 0.732421875 0.083984375 0.06640625
0 0.3193359375 0.814453125 0.080078125 0.09375
0 0.4609375 0.7890625 0.1015625 0.09765625
0 0.4189453125 0.87109375 0.072265625 0.07421875
0 0.74609375 0.9619140625 0.09375 0.076171875
0 0.828125 0.98046875 0.09375 0.0390625
