0 0.7978515625 0.95703125 0.162109375 0.0859375
0 0.7978515625 0.84375 0.134765625 0.125
0 0.87109375 0.748046875 0.11328125 0.11328125
0 0.9306640625 0.63671875 0.138671875 0.09375
0 0.9501953125 0.49609375 0.099609375 0.08203125
0 0.9853515625 0.177734375 0.029296875 0.13671875
0 0.91015625 0.1728515625 0.0859375 0.123046875
0 0.814453125 0.1611328125 0.08203125 0.123046875
0 0.7158203125 0.1484375 0.076171875 0.12109375
0 0.599609375 0.16015625 0.08984375 0.10546875
0 0.5537109375 0.25390625 0.130859375 0.0859375
0 0.5244140625 0.35546875 0.111328125 0.078125
0 0.6064453125 0.451171875 0.103515625 0.09375
0 0.7509765625 0.47265625 0.115234375 0.078125
