0 0.0966796875 0.95703125 0.162109375 0.0859375
0 0.0966796875 0.84375 0.134765625 0.125
0 0.169921875 0.748046875 0.11328125 0.11328125
0 0.2314453125 0.63671875 0.142578125 0.09375
0 0.2607421875 0.49609375 0.123046875 0.08203125
0 0.4208984375 0.3154296875 0.099609375 0.142578125
0 0.541015625 0.2607421875 0.10546875 0.123046875
0 0.6328125 0.1982421875 0.109375 0.130859375
0 0.7451171875 0.1484375 0.083984375 0.1328125
0 0.8818359375 0.11328125 0.087890625 0.13671875
0 0.9873046875 0.0830078125 0.025390625 0.130859375
0 0.3095703125 0.177734375 0.080078125 0.13671875
0 0.208984375 0.1728515625 0.0859375 0.123046875
0 0.11328125 0.1611328125 0.08203125 0.123046875
0 0.0263671875 0.1484375 0.052734375 0.12109375
0 0.0537109375 0.47265625 0.107421875 0.078125
