0 0.4208984375 0.97265625 0.099609375 0.0546875
0 0.541015625 0.9501953125 0.10546875 0.099609375
0 0.6328125 0.8994140625 0.109375 0.130859375
0 0.7451171875 0.849609375 0.083984375 0.1328125
0 0.8818359375 0.814453125 0.087890625 0.13671875
0 0.9873046875 0.7841796875 0.025390625 0.130859375
0 0.3818359375 0.490234375 0.087890625 0.1171875
0 0.3095703125 0.87890625 0.080078125 0.13671875
0 0.208984375 0.8740234375 0.0859375 0.123046875
0 0.11328125 0.8623046875 0.08203125 0.123046875
0 0.0263671875 0.849609375 0.052734375 0.12109375
