0 0.9140625 0.1689453125 0.08984375 0.130859375
0 0.6416015625 0.181640625 0.162109375 0.20703125
0 0.4697265625 0.1826171875 0.158203125 0.205078125
0 0.2021484375 0.1748046875 0.150390625 0.181640625
0 0.046875 0.1826171875 0.09375 0.181640625
0 0.9208984375 0.8642578125 0.103515625 0.150390625
0 0.7822265625 0.8486328125 0.123046875 0.138671875
0 0.6376953125 0.8544921875 0.123046875 0.142578125
0 0.474609375 0.83984375 0.15625 0.1640625
0 0.2021484375 0.837890625 0.158203125 0.1640625
0 0.0478515625 0.8486328125 0.095703125 0.169921875
