0 0.9921875 0.1884765625 0.015625 0.169921875
0 0.88671875 0.169921875 0.16015625 0.18359375
0 0.5244140625 0.1796875 0.177734375 0.19140625
0 0.294921875 0.1748046875 0.15234375 0.181640625
0 0.1201171875 0.1806640625 0.154296875 0.189453125
0 0.00390625 0.1787109375 0.0078125 0.185546875
0 0.8681640625 0.6796875 0.166015625 0.17578125
0 0.6982421875 0.693359375 0.158203125 0.1796875
0 0.3076171875 0.6884765625 0.154296875 0.162109375
0 0.1123046875 0.6962890625 0.158203125 0.181640625
0 0.0107421875 0.6796875 0.021484375 0.171875
