0 0.9482421875 0.15625 0.103515625 0.18359375
0 0.703125 0.162109375 0.1640625 0.19921875
0 0.525390625 0.16015625 0.1640625 0.19921875
0 0.2978515625 0.1572265625 0.158203125 0.201171875
0 0.1201171875 0.1650390625 0.162109375 0.193359375
0 0.0107421875 0.158203125 0.021484375 0.2109375
0 0.923828125 0.78125 0.15234375 0.23828125
0 0.6328125 0.80859375 0.26953125 0.26953125
0 0.3310546875 0.8369140625 0.158203125 0.181640625
0 0.14453125 0.8330078125 0.15625 0.193359375
0 0.015625 0.841796875 0.03125 0.18359375
