0 0.4365234375 0.0595703125 0.255859375 0.119140625
0 0.20703125 0.4990234375 0.2578125 0.220703125
0 0.0869140625 0.78515625 0.173828125 0.13671875
0 0.05078125 0.9306640625 0.1015625 0.138671875
0 0.939453125 0.1474609375 0.12109375 0.220703125
0 0.91796875 0.427734375 0.1640625 0.21484375
0 0.6640625 0.83203125 0.15625 0.11328125
0 0.2041015625 0.4970703125 0.236328125 0.208984375
0 0.0927734375 0.7861328125 0.138671875 0.123046875
0 0.0439453125 0.9384765625 0.087890625 0.123046875
0 0.669921875 0.8359375 0.13671875 0.1171875
0 0.919921875 0.431640625 0.16015625 0.2109375
0 0.947265625 0.1494140625 0.10546875 0.208984375
0 0.443359375 0.060546875 0.23046875 0.12109375
