0 0.0888671875 0.001953125 0.162109375 0.00390625
0 0.5703125 0.4306640625 0.16015625 0.177734375
0 0.626953125 0.951171875 0.21875 0.09765625
0 0.35546875 0.5537109375 0.1484375 0.150390625
0 0.1142578125 0.634765625 0.146484375 0.16015625
0 0.361328125 1.0 0.234375 0.0
0 0.1123046875 0.638671875 0.123046875 0.16015625
0 0.3583984375 0.556640625 0.123046875 0.14453125
0 0.5673828125 0.4326171875 0.138671875 0.166015625
0 0.6328125 0.962890625 0.20703125 0.07421875
0 0.0927734375 0.0029296875 0.134765625 0.005859375
0 0.0 0.681640625 0.0 0.28125
