0 0.2509765625 0.98046875 0.259765625 0.0390625
0 0.955078125 0.14453125 0.08984375 0.1484375
0 0.98046875 0.37109375 0.0390625 0.21484375
0 0.7431640625 0.1455078125 0.138671875 0.158203125
0 0.740234375 0.3701171875 0.1640625 0.150390625
0 0.0634765625 0.1474609375 0.126953125 0.220703125
0 0.052734375 0.427734375 0.10546875 0.21484375
0 0.05078125 0.431640625 0.1015625 0.2109375
0 0.0634765625 0.1494140625 0.126953125 0.208984375
0 0.2548828125 0.9892578125 0.244140625 0.021484375
0 0.7421875 0.375 0.15625 0.12890625
0 0.7490234375 0.1533203125 0.134765625 0.138671875
0 0.984375 0.376953125 0.03125 0.203125
0 0.9580078125 0.1474609375 0.083984375 0.130859375
