0 0.3876953125 0.001953125 0.162109375 0.00390625
0 0.19921875 0.048828125 0.14453125 0.09765625
0 0.869140625 0.4306640625 0.16015625 0.177734375
0 0.908203125 0.951171875 0.18359375 0.09765625
0 0.654296875 0.5537109375 0.1484375 0.150390625
0 0.4130859375 0.634765625 0.146484375 0.16015625
0 0.66015625 1.0 0.234375 0.0
0 0.1689453125 0.6708984375 0.251953125 0.298828125
0 0.0048828125 0.7802734375 0.009765625 0.189453125
0 0.4111328125 0.638671875 0.123046875 0.16015625
0 0.6572265625 0.556640625 0.123046875 0.14453125
0 0.8662109375 0.4326171875 0.138671875 0.166015625
0 0.9140625 0.962890625 0.171875 0.07421875
0 0.203125 0.05078125 0.12890625 0.1015625
0 0.3916015625 0.0029296875 0.134765625 0.005859375
0 0.18359375 0.681640625 0.23046875 0.28125
