0 0.849609375 0.0087890625 0.1640625 0.017578125
0 0.8955078125 0.1279296875 0.138671875 0.150390625
0 0.923828125 0.7802734375 0.15234375 0.189453125
0 0.6748046875 0.85546875 0.255859375 0.28125
0 0.4150390625 0.9423828125 0.166015625 0.115234375
0 0.2001953125 0.955078125 0.236328125 0.08984375
0 0.423828125 0.9462890625 0.12890625 0.107421875
0 0.6767578125 0.8515625 0.228515625 0.27734375
0 0.857421875 0.0078125 0.15234375 0.015625
0 0.900390625 0.1328125 0.125 0.13671875
0 0.921875 0.78125 0.12890625 0.17578125
0 0.197265625 0.9560546875 0.2109375 0.087890625
