0 0.7802734375 0.12890625 0.267578125 0.23828125
0 0.896484375 0.6142578125 0.20703125 0.248046875
0 0.95703125 0.8623046875 0.0859375 0.232421875
0 0.2255859375 0.4833984375 0.173828125 0.154296875
0 0.2607421875 0.62890625 0.169921875 0.1328125
0 0.3876953125 0.935546875 0.162109375 0.12890625
0 0.19921875 0.9765625 0.14453125 0.046875
0 0.5380859375 0.6923828125 0.146484375 0.177734375
0 0.5478515625 0.689453125 0.138671875 0.17578125
0 0.9033203125 0.6240234375 0.193359375 0.216796875
0 0.9619140625 0.8662109375 0.076171875 0.212890625
0 0.7841796875 0.1376953125 0.248046875 0.212890625
0 0.203125 0.98046875 0.12890625 0.0390625
0 0.3916015625 0.9384765625 0.134765625 0.123046875
0 0.2685546875 0.6357421875 0.150390625 0.119140625
0 0.2236328125 0.4921875 0.150390625 0.12890625
0 0.5498046875 0.69140625 0.111328125 0.16015625
