0 0.4814453125 0.12890625 0.267578125 0.23828125
0 0.642578125 0.6142578125 0.296875 0.248046875
0 0.7412109375 0.8623046875 0.251953125 0.232421875
0 0.0068359375 0.4833984375 0.013671875 0.154296875
0 0.0234375 0.62890625 0.046875 0.1328125
0 0.0888671875 0.935546875 0.162109375 0.12890625
0 0.2392578125 0.6923828125 0.146484375 0.177734375
0 0.2490234375 0.689453125 0.138671875 0.17578125
0 0.646484375 0.6240234375 0.27734375 0.216796875
0 0.74609375 0.8662109375 0.2421875 0.212890625
0 0.4853515625 0.1376953125 0.248046875 0.212890625
0 0.0927734375 0.9384765625 0.134765625 0.123046875
0 0.0224609375 0.6357421875 0.044921875 0.119140625
0 0.0 0.4921875 0.0 0.12890625
0 0.2509765625 0.69140625 0.111328125 0.16015625
