0 0.9130859375 0.1689453125 0.083984375 0.146484375
0 0.7919921875 0.16796875 0.080078125 0.12890625
0 0.6376953125 0.1796875 0.138671875 0.203125
0 0.46875 0.177734375 0.14453125 0.19140625
0 0.2041015625 0.177734375 0.146484375 0.171875
0 0.0439453125 0.173828125 0.087890625 0.1875
0 0.9287109375 0.853515625 0.103515625 0.12109375
0 0.7841796875 0.857421875 0.103515625 0.140625
0 0.642578125 0.853515625 0.12109375 0.13671875
0 0.484375 0.84765625 0.1171875 0.125
0 0.205078125 0.8525390625 0.14453125 0.177734375
0 0.048828125 0.857421875 0.09765625 0.20703125
