0 0.2578125 0.076171875 0.37109375 0.15234375
0 0.1328125 0.2607421875 0.20703125 0.173828125
0 0.041015625 0.529296875 0.08203125 0.1640625
0 0.9912109375 0.001953125 0.017578125 0.00390625
0 0.8896484375 0.1943359375 0.220703125 0.326171875
0 0.8427734375 0.53125 0.201171875 0.1796875
0 0.7021484375 0.7978515625 0.380859375 0.361328125
0 0.259765625 0.07421875 0.35546875 0.1484375
0 0.1337890625 0.2587890625 0.193359375 0.169921875
0 0.041015625 0.5322265625 0.08203125 0.150390625
0 0.9892578125 0.0 0.021484375 0.0
0 0.8955078125 0.212890625 0.208984375 0.3046875
0 0.845703125 0.5390625 0.19921875 0.17578125
0 0.701171875 0.8056640625 0.37109375 0.341796875
