0 0.88671875 0.076171875 0.2265625 0.15234375
0 0.833984375 0.2607421875 0.20703125 0.173828125
0 0.376953125 0.0673828125 0.19140625 0.134765625
0 0.251953125 0.328125 0.25390625 0.1796875
0 0.126953125 0.5966796875 0.1953125 0.193359375
0 0.693359375 0.529296875 0.1796875 0.1640625
0 0.5693359375 0.8046875 0.224609375 0.1796875
0 0.0615234375 0.853515625 0.123046875 0.22265625
0 0.0625 0.8564453125 0.125 0.216796875
0 0.12109375 0.6005859375 0.19921875 0.173828125
0 0.248046875 0.322265625 0.23828125 0.1796875
0 0.37890625 0.0673828125 0.171875 0.134765625
0 0.8916015625 0.07421875 0.216796875 0.1484375
0 0.8349609375 0.2587890625 0.193359375 0.169921875
0 0.6962890625 0.5322265625 0.173828125 0.150390625
0 0.568359375 0.8115234375 0.21484375 0.173828125
